"","Herero","Zulu","Tswana","Ndonga","Swati","Tsonga","Venda","Kongo","Kikuyu","Luganda","Kinyarwanda","Kirundi","Igbo","Bambara","Amharic","Kanuri","Wolof","Egyptian Arabic","Kabyle","Neapolitan","Spanish","English","French","Dutch","Icelandic","Irish","Serbian","Russian","Bashkir","Chuvash","Erzya","Estonian","Gagauz","Latvian","Vepsian","Czech","Bulgarian","Lithuanian","Kalmyk","Armenian","Kurdish (Sorani)","Abkhazian","Turkish","Hebrew","Eastern Punjabi","Kazakh","Sakha","Korean","Nuosu","Japanese","Tibetan","Bengali","Kashmiri","Telugu","Tamil","Malayalam","Burmese","Vietnamese","Khmer","Malay","Thai","Cebuano","Banyumasan","Minangkabau","Chamorro","Samoan","Tongan","Maori","Hawaiian","Inupiak","Cheyenne","Choctaw","Muscogee","Cherokee","Navajo","Haitian","Aymara","Guarani"
"Herero",0,0.627272727272727,0.8,0.627272727272727,0.618181818181818,0.454545454545454,0.532727272727273,0.529090909090909,0.454545454545454,0.545454545454546,0.629090909090909,0.625454545454546,0.374545454545454,0.414545454545454,0.636363636363637,0.721818181818181,0.521818181818182,0.818181818181818,0.661818181818182,0.725454545454545,0.738181818181818,0.727272727272727,0.725454545454545,0.727272727272727,0.68,0.712727272727272,0.727272727272727,0.723636363636363,0.801818181818182,0.690909090909091,0.7,0.812727272727273,0.505454545454545,0.721818181818181,0.525454545454546,0.72,0.707272727272727,0.818181818181818,0.549090909090909,0.623636363636364,0.627272727272728,0.543636363636364,0.816363636363636,0.636363636363637,0.703636363636363,0.472727272727273,0.545454545454546,0.636363636363637,0.365454545454545,0.818181818181818,0.763636363636363,0.727272727272727,0.723636363636363,0.76,0.767272727272727,0.818181818181818,0.636363636363637,0.636363636363637,0.727272727272727,0.578181818181818,0.636363636363637,0.723636363636363,0.727272727272727,0.454545454545454,0.698181818181818,0.636363636363637,0.614545454545455,0.636363636363637,0.545454545454546,0.472727272727272,0.727272727272727,0.643636363636364,0.727272727272727,0.709090909090909,0.454545454545454,0.521818181818182,0.545454545454546,0.603636363636364
"Zulu",0.627272727272727,0,0.487272727272727,0.7,0.118181818181818,0.334545454545455,0.376363636363636,0.62,0.536363636363637,0.5,0.465454545454545,0.470909090909091,0.612727272727273,0.625454545454546,0.674545454545455,0.596363636363637,0.752727272727272,0.772727272727272,0.632727272727273,0.410909090909091,0.418181818181818,0.409090909090909,0.42,0.409090909090909,0.703636363636364,0.483636363636364,0.409090909090909,0.507272727272727,0.6,0.614545454545455,0.703636363636363,0.596363636363637,0.614545454545455,0.690909090909091,0.618181818181819,0.396363636363636,0.374545454545454,0.496363636363636,0.263636363636364,0.425454545454545,0.207272727272727,0.689090909090909,0.509090909090909,0.585454545454546,0.309090909090909,0.352727272727273,0.678181818181818,0.77090909090909,0.394545454545454,0.590909090909091,0.718181818181818,0.418181818181818,0.503636363636364,0.412727272727273,0.469090909090909,0.592727272727273,0.590909090909091,0.681818181818182,0.68,0.465454545454545,0.5,0.503636363636364,0.5,0.627272727272727,0.532727272727273,0.210909090909091,0.234545454545455,0.392727272727273,0.463636363636363,0.530909090909091,0.534545454545455,0.483636363636364,0.514545454545455,0.483636363636364,0.716363636363636,0.572727272727273,0.487272727272727,0.374545454545455
"Tswana",0.8,0.487272727272727,0,0.783636363636363,0.485454545454546,0.516363636363636,0.561818181818182,0.894545454545454,0.707272727272727,0.887272727272727,0.592727272727273,0.596363636363637,0.785454545454545,0.776363636363636,0.869090909090909,0.88,0.594545454545455,0.885454545454545,0.878181818181818,0.696363636363636,0.701818181818181,0.703636363636363,0.701818181818182,0.701818181818181,0.616363636363636,0.596363636363637,0.701818181818181,0.694545454545454,0.707272727272727,0.7,0.701818181818182,0.703636363636363,0.789090909090909,0.792727272727272,0.796363636363636,0.69090909090909,0.667272727272727,0.698181818181818,0.630909090909091,0.696363636363636,0.387272727272727,0.881818181818182,0.7,0.789090909090909,0.481818181818182,0.741818181818181,0.772727272727272,0.794545454545454,0.66,0.703636363636363,0.883636363636363,0.501818181818182,0.689090909090909,0.609090909090909,0.641818181818182,0.614545454545455,0.887272727272727,0.885454545454545,0.794545454545454,0.672727272727272,0.703636363636363,0.701818181818182,0.703636363636363,0.798181818181818,0.701818181818181,0.383636363636364,0.401818181818182,0.656363636363636,0.556363636363637,0.707272727272727,0.707272727272727,0.645454545454546,0.607272727272728,0.574545454545455,0.890909090909091,0.865454545454545,0.654545454545454,0.545454545454545
"Ndonga",0.627272727272727,0.7,0.783636363636363,0,0.670909090909091,0.594545454545455,0.510909090909091,0.521818181818182,0.805454545454545,0.314545454545455,0.794545454545454,0.781818181818181,0.72,0.605454545454546,0.505454545454546,0.48,0.592727272727273,0.701818181818181,0.616363636363637,0.690909090909091,0.603636363636364,0.701818181818181,0.694545454545454,0.7,0.425454545454545,0.62,0.7,0.6,0.614545454545455,0.705454545454545,0.523636363636364,0.614545454545455,0.610909090909091,0.523636363636364,0.614545454545455,0.716363636363636,0.716363636363636,0.790909090909091,0.578181818181818,0.689090909090909,0.601818181818182,0.518181818181818,0.603636363636364,0.305454545454545,0.792727272727273,0.481818181818182,0.483636363636364,0.509090909090909,0.623636363636364,0.792727272727272,0.714545454545454,0.903636363636363,0.787272727272727,0.847272727272727,0.847272727272727,0.792727272727272,0.496363636363636,0.610909090909091,0.6,0.46,0.701818181818181,0.687272727272727,0.701818181818181,0.441818181818181,0.701818181818181,0.614545454545455,0.6,0.705454545454545,0.407272727272727,0.709090909090909,0.789090909090909,0.765454545454545,0.672727272727273,0.670909090909091,0.614545454545455,0.525454545454546,0.77090909090909,0.756363636363636
"Swati",0.618181818181818,0.118181818181818,0.485454545454546,0.670909090909091,0,0.341818181818182,0.407272727272727,0.625454545454546,0.525454545454546,0.5,0.490909090909091,0.483636363636363,0.614545454545455,0.596363636363637,0.670909090909091,0.594545454545455,0.749090909090908,0.77090909090909,0.638181818181818,0.410909090909091,0.42,0.407272727272727,0.410909090909091,0.410909090909091,0.689090909090909,0.481818181818182,0.410909090909091,0.489090909090909,0.592727272727273,0.6,0.694545454545454,0.596363636363637,0.605454545454546,0.683636363636363,0.610909090909091,0.394545454545454,0.367272727272727,0.505454545454545,0.249090909090909,0.412727272727272,0.216363636363636,0.687272727272727,0.5,0.576363636363637,0.296363636363636,0.334545454545454,0.663636363636364,0.776363636363636,0.403636363636363,0.589090909090909,0.718181818181818,0.421818181818182,0.498181818181818,0.425454545454545,0.463636363636364,0.594545454545455,0.590909090909091,0.68,0.685454545454545,0.447272727272727,0.498181818181818,0.503636363636364,0.498181818181818,0.616363636363637,0.527272727272727,0.232727272727273,0.238181818181818,0.414545454545454,0.489090909090909,0.527272727272728,0.54,0.474545454545455,0.523636363636364,0.489090909090909,0.709090909090909,0.570909090909091,0.489090909090909,0.356363636363636
"Tsonga",0.454545454545454,0.334545454545455,0.516363636363636,0.594545454545455,0.341818181818182,0,0.418181818181818,0.625454545454546,0.545454545454546,0.636363636363637,0.721818181818181,0.721818181818181,0.501818181818182,0.494545454545455,0.809090909090909,0.689090909090909,0.612727272727273,0.909090909090909,0.661818181818182,0.54,0.552727272727273,0.545454545454546,0.536363636363637,0.545454545454546,0.589090909090909,0.44,0.545454545454546,0.541818181818182,0.634545454545455,0.634545454545455,0.725454545454545,0.632727272727273,0.627272727272728,0.725454545454545,0.623636363636364,0.538181818181818,0.525454545454546,0.627272727272728,0.403636363636364,0.530909090909091,0.236363636363636,0.718181818181818,0.629090909090909,0.545454545454546,0.445454545454545,0.563636363636364,0.545454545454546,0.727272727272727,0.547272727272728,0.636363636363637,0.763636363636363,0.545454545454546,0.643636363636363,0.572727272727273,0.585454545454546,0.545454545454546,0.727272727272727,0.727272727272727,0.818181818181818,0.487272727272727,0.545454545454546,0.536363636363637,0.545454545454546,0.545454545454546,0.541818181818182,0.272727272727273,0.256363636363636,0.545454545454546,0.454545454545454,0.545454545454546,0.545454545454546,0.507272727272727,0.363636363636363,0.345454545454545,0.727272727272727,0.705454545454545,0.505454545454545,0.494545454545454
"Venda",0.532727272727273,0.376363636363636,0.561818181818182,0.510909090909091,0.407272727272727,0.418181818181818,0,0.525454545454546,0.714545454545454,0.509090909090909,0.392727272727273,0.403636363636363,0.612727272727273,0.512727272727273,0.685454545454545,0.68,0.578181818181818,0.781818181818182,0.534545454545455,0.685454545454545,0.705454545454545,0.690909090909091,0.690909090909091,0.689090909090909,0.594545454545455,0.583636363636364,0.689090909090909,0.692727272727273,0.778181818181818,0.798181818181818,0.709090909090909,0.778181818181818,0.6,0.685454545454545,0.618181818181818,0.678181818181818,0.652727272727273,0.770909090909091,0.336363636363636,0.694545454545454,0.290909090909091,0.603636363636364,0.794545454545454,0.503636363636364,0.48,0.349090909090909,0.478181818181818,0.590909090909091,0.410909090909091,0.781818181818182,0.727272727272727,0.607272727272728,0.672727272727273,0.701818181818181,0.741818181818182,0.689090909090909,0.6,0.6,0.681818181818182,0.189090909090909,0.690909090909091,0.698181818181818,0.690909090909091,0.441818181818182,0.710909090909091,0.323636363636364,0.325454545454545,0.323636363636364,0.294545454545455,0.710909090909091,0.712727272727272,0.667272727272727,0.592727272727273,0.565454545454546,0.525454545454546,0.583636363636364,0.66,0.505454545454545
"Kongo",0.529090909090909,0.62,0.894545454545454,0.521818181818182,0.625454545454546,0.625454545454546,0.525454545454546,0,0.52,0.445454545454545,0.71090909090909,0.714545454545454,0.518181818181818,0.421818181818182,0.625454545454546,0.616363636363637,0.716363636363636,0.807272727272727,0.641818181818182,0.71090909090909,0.725454545454545,0.716363636363636,0.714545454545454,0.709090909090909,0.709090909090909,0.716363636363636,0.709090909090909,0.714545454545454,0.803636363636363,0.796363636363636,0.707272727272727,0.809090909090909,0.621818181818182,0.716363636363636,0.618181818181819,0.716363636363636,0.718181818181818,0.801818181818182,0.532727272727273,0.718181818181818,0.618181818181819,0.421818181818182,0.809090909090909,0.530909090909091,0.707272727272727,0.44,0.62,0.625454545454546,0.530909090909091,0.807272727272727,0.754545454545454,0.810909090909091,0.763636363636363,0.8,0.803636363636363,0.605454545454546,0.627272727272728,0.625454545454546,0.716363636363636,0.525454545454546,0.716363636363636,0.72,0.716363636363636,0.247272727272727,0.610909090909091,0.592727272727273,0.610909090909091,0.501818181818182,0.534545454545455,0.707272727272727,0.590909090909091,0.56,0.532727272727273,0.607272727272727,0.618181818181818,0.521818181818182,0.685454545454545,0.572727272727273
"Kikuyu",0.454545454545454,0.536363636363637,0.707272727272727,0.805454545454545,0.525454545454546,0.545454545454546,0.714545454545454,0.52,0,0.727272727272727,0.814545454545454,0.805454545454545,0.687272727272727,0.807272727272727,0.810909090909091,0.805454545454545,0.909090909090909,0.909090909090909,0.661818181818182,0.530909090909091,0.554545454545455,0.545454545454546,0.532727272727273,0.454545454545454,0.816363636363636,0.545454545454546,0.454545454545454,0.536363636363637,0.612727272727273,0.5,0.689090909090909,0.625454545454546,0.498181818181818,0.712727272727272,0.521818181818182,0.545454545454546,0.541818181818182,0.629090909090909,0.676363636363636,0.429090909090909,0.536363636363637,0.712727272727272,0.621818181818182,0.723636363636363,0.610909090909091,0.727272727272727,0.636363636363637,0.818181818181818,0.547272727272728,0.636363636363637,0.763636363636363,0.636363636363637,0.694545454545454,0.625454545454546,0.625454545454546,0.454545454545454,0.727272727272727,0.727272727272727,0.818181818181818,0.721818181818181,0.454545454545454,0.530909090909091,0.545454545454546,0.363636363636363,0.507272727272727,0.545454545454546,0.523636363636364,0.727272727272727,0.818181818181818,0.289090909090909,0.545454545454546,0.449090909090909,0.363636363636363,0.458181818181818,0.545454545454546,0.71090909090909,0.396363636363636,0.567272727272727
"Luganda",0.545454545454546,0.5,0.887272727272727,0.314545454545455,0.5,0.636363636363637,0.509090909090909,0.445454545454545,0.727272727272727,0,0.570909090909091,0.565454545454546,0.632727272727273,0.530909090909091,0.265454545454545,0.292727272727273,0.636363636363637,0.545454545454546,0.48,0.474545454545454,0.356363636363636,0.454545454545454,0.472727272727273,0.454545454545454,0.669090909090909,0.554545454545455,0.454545454545454,0.46,0.672727272727273,0.710909090909091,0.618181818181818,0.66,0.525454545454546,0.561818181818182,0.512727272727273,0.469090909090909,0.467272727272727,0.558181818181818,0.458181818181818,0.496363636363636,0.609090909090909,0.416363636363636,0.561818181818182,0.24,0.683636363636363,0.252727272727273,0.545454545454546,0.454545454545454,0.547272727272728,0.636363636363637,0.490909090909091,0.816363636363636,0.598181818181818,0.625454545454546,0.674545454545454,0.727272727272727,0.181818181818182,0.454545454545454,0.454545454545454,0.412727272727272,0.545454545454546,0.563636363636364,0.545454545454546,0.454545454545454,0.629090909090909,0.636363636363637,0.632727272727273,0.636363636363637,0.545454545454546,0.634545454545455,0.727272727272727,0.685454545454545,0.727272727272727,0.714545454545454,0.545454545454546,0.303636363636364,0.690909090909091,0.712727272727272
"Kinyarwanda",0.629090909090909,0.465454545454545,0.592727272727273,0.794545454545454,0.490909090909091,0.721818181818181,0.392727272727273,0.71090909090909,0.814545454545454,0.570909090909091,0,0.0890909090909091,0.709090909090909,0.607272727272728,0.481818181818182,0.674545454545454,0.56,0.56909090909091,0.543636363636364,0.581818181818182,0.570909090909091,0.56909090909091,0.58,0.570909090909091,0.816363636363636,0.643636363636364,0.570909090909091,0.669090909090909,0.756363636363636,0.890909090909091,0.805454545454545,0.761818181818181,0.705454545454545,0.670909090909091,0.709090909090909,0.556363636363637,0.534545454545455,0.578181818181818,0.467272727272727,0.687272727272727,0.58,0.590909090909091,0.672727272727273,0.745454545454545,0.561818181818182,0.418181818181818,0.7,0.567272727272728,0.583636363636364,0.66,0.658181818181818,0.496363636363637,0.478181818181818,0.496363636363636,0.547272727272727,0.66,0.48,0.56909090909091,0.567272727272728,0.44,0.750909090909091,0.670909090909091,0.66,0.723636363636363,0.810909090909091,0.576363636363637,0.601818181818182,0.485454545454545,0.583636363636364,0.809090909090909,0.805454545454545,0.76,0.812727272727273,0.78,0.629090909090909,0.469090909090909,0.749090909090908,0.603636363636364
"Kirundi",0.625454545454546,0.470909090909091,0.596363636363637,0.781818181818181,0.483636363636363,0.721818181818181,0.403636363636363,0.714545454545454,0.805454545454545,0.565454545454546,0.0890909090909091,0,0.703636363636363,0.621818181818182,0.474545454545455,0.687272727272727,0.552727272727273,0.569090909090909,0.538181818181819,0.569090909090909,0.561818181818182,0.569090909090909,0.572727272727273,0.567272727272727,0.816363636363636,0.643636363636364,0.567272727272727,0.661818181818182,0.758181818181818,0.88,0.796363636363636,0.765454545454545,0.701818181818182,0.66,0.703636363636363,0.556363636363637,0.525454545454546,0.572727272727273,0.467272727272727,0.690909090909091,0.592727272727273,0.6,0.667272727272727,0.741818181818181,0.594545454545455,0.42,0.7,0.561818181818182,0.592727272727273,0.66,0.652727272727273,0.518181818181818,0.483636363636364,0.498181818181818,0.554545454545455,0.661818181818182,0.474545454545454,0.569090909090909,0.561818181818182,0.441818181818182,0.75090909090909,0.670909090909091,0.66,0.714545454545454,0.803636363636363,0.592727272727273,0.603636363636364,0.501818181818182,0.596363636363637,0.8,0.801818181818182,0.761818181818181,0.805454545454545,0.78,0.618181818181818,0.465454545454545,0.75090909090909,0.607272727272728
"Igbo",0.374545454545454,0.612727272727273,0.785454545454545,0.72,0.614545454545455,0.501818181818182,0.612727272727273,0.518181818181818,0.687272727272727,0.632727272727273,0.709090909090909,0.703636363636363,0,0.405454545454545,0.712727272727272,0.625454545454546,0.607272727272728,0.905454545454545,0.658181818181818,0.721818181818181,0.732727272727272,0.723636363636363,0.716363636363636,0.723636363636363,0.561818181818182,0.709090909090909,0.723636363636363,0.709090909090909,0.801818181818182,0.8,0.794545454545454,0.801818181818182,0.703636363636363,0.807272727272727,0.714545454545454,0.716363636363636,0.7,0.803636363636363,0.541818181818182,0.714545454545454,0.598181818181818,0.530909090909091,0.812727272727273,0.534545454545455,0.701818181818181,0.536363636363636,0.7,0.72,0.4,0.814545454545454,0.669090909090909,0.707272727272727,0.734545454545454,0.745454545454545,0.756363636363636,0.807272727272727,0.723636363636363,0.723636363636363,0.810909090909091,0.641818181818182,0.723636363636363,0.718181818181818,0.723636363636363,0.596363636363637,0.514545454545455,0.590909090909091,0.589090909090909,0.409090909090909,0.616363636363637,0.687272727272727,0.512727272727273,0.458181818181818,0.629090909090909,0.607272727272728,0.592727272727273,0.605454545454546,0.658181818181818,0.403636363636364
"Bambara",0.414545454545454,0.625454545454546,0.776363636363636,0.605454545454546,0.596363636363637,0.494545454545455,0.512727272727273,0.421818181818182,0.807272727272727,0.530909090909091,0.607272727272728,0.621818181818182,0.405454545454545,0,0.52,0.514545454545455,0.410909090909091,0.801818181818182,0.692727272727273,0.803636363636363,0.798181818181818,0.801818181818182,0.798181818181818,0.803636363636363,0.716363636363636,0.787272727272727,0.803636363636363,0.796363636363636,0.883636363636363,0.885454545454545,0.8,0.896363636363636,0.707272727272727,0.794545454545454,0.7,0.794545454545454,0.778181818181818,0.707272727272727,0.494545454545455,0.801818181818182,0.587272727272727,0.5,0.883636363636363,0.612727272727273,0.592727272727273,0.425454545454545,0.672727272727273,0.529090909090909,0.525454545454546,0.710909090909091,0.78,0.710909090909091,0.707272727272727,0.749090909090909,0.754545454545454,0.798181818181818,0.712727272727272,0.710909090909091,0.801818181818182,0.530909090909091,0.801818181818182,0.807272727272727,0.801818181818182,0.534545454545455,0.694545454545454,0.590909090909091,0.594545454545455,0.5,0.512727272727273,0.803636363636363,0.69090909090909,0.656363636363636,0.794545454545454,0.772727272727272,0.714545454545454,0.605454545454546,0.738181818181818,0.554545454545455
"Amharic",0.636363636363637,0.674545454545455,0.869090909090909,0.505454545454546,0.670909090909091,0.809090909090909,0.685454545454545,0.625454545454546,0.810909090909091,0.265454545454545,0.481818181818182,0.474545454545455,0.712727272727272,0.52,0,0.294545454545455,0.463636363636363,0.463636363636363,0.516363636363637,0.48,0.36,0.463636363636363,0.490909090909091,0.465454545454545,0.727272727272727,0.563636363636364,0.465454545454545,0.461818181818182,0.678181818181818,0.796363636363636,0.710909090909091,0.663636363636364,0.616363636363637,0.567272727272727,0.603636363636364,0.478181818181818,0.483636363636364,0.385454545454545,0.607272727272727,0.6,0.778181818181818,0.410909090909091,0.574545454545455,0.445454545454545,0.765454545454545,0.429090909090909,0.603636363636364,0.283636363636364,0.718181818181818,0.463636363636363,0.514545454545455,0.712727272727272,0.509090909090909,0.54,0.565454545454546,0.652727272727273,0.265454545454545,0.463636363636363,0.465454545454545,0.589090909090909,0.645454545454546,0.565454545454546,0.554545454545455,0.629090909090909,0.71090909090909,0.807272727272727,0.810909090909091,0.807272727272727,0.707272727272727,0.716363636363636,0.810909090909091,0.770909090909091,0.801818181818182,0.794545454545454,0.629090909090909,0.312727272727273,0.767272727272727,0.783636363636363
"Kanuri",0.721818181818181,0.596363636363637,0.88,0.48,0.594545454545455,0.689090909090909,0.68,0.616363636363637,0.805454545454545,0.292727272727273,0.674545454545454,0.687272727272727,0.625454545454546,0.514545454545455,0.294545454545455,0,0.672727272727273,0.681818181818182,0.578181818181818,0.587272727272728,0.472727272727273,0.590909090909091,0.589090909090909,0.589090909090909,0.601818181818182,0.690909090909091,0.589090909090909,0.574545454545455,0.769090909090909,0.805454545454545,0.801818181818182,0.787272727272727,0.707272727272727,0.781818181818181,0.694545454545454,0.605454545454546,0.610909090909091,0.501818181818182,0.501818181818182,0.592727272727273,0.689090909090909,0.596363636363637,0.690909090909091,0.281818181818182,0.689090909090909,0.456363636363636,0.66,0.496363636363636,0.538181818181818,0.590909090909091,0.541818181818182,0.810909090909091,0.62,0.649090909090909,0.665454545454545,0.778181818181818,0.474545454545454,0.681818181818182,0.678181818181818,0.616363636363636,0.681818181818182,0.681818181818182,0.681818181818182,0.623636363636364,0.709090909090909,0.721818181818181,0.712727272727272,0.630909090909091,0.685454545454545,0.716363636363636,0.807272727272727,0.765454545454545,0.770909090909091,0.767272727272727,0.712727272727273,0.52,0.774545454545454,0.76
"Wolof",0.521818181818182,0.752727272727272,0.594545454545455,0.592727272727273,0.749090909090908,0.612727272727273,0.578181818181818,0.716363636363636,0.909090909090909,0.636363636363637,0.56,0.552727272727273,0.607272727272728,0.410909090909091,0.463636363636363,0.672727272727273,0,0.636363636363637,0.805454545454545,0.741818181818181,0.729090909090909,0.727272727272727,0.747272727272727,0.727272727272727,0.638181818181818,0.621818181818182,0.727272727272727,0.74,0.754545454545454,0.889090909090909,0.794545454545454,0.745454545454545,0.792727272727272,0.649090909090909,0.794545454545454,0.72,0.7,0.649090909090909,0.689090909090909,0.863636363636363,0.674545454545454,0.574545454545455,0.749090909090909,0.629090909090909,0.752727272727272,0.521818181818182,0.685454545454545,0.363636363636363,0.718181818181818,0.636363636363637,0.703636363636363,0.712727272727272,0.670909090909091,0.689090909090909,0.76,0.627272727272728,0.636363636363637,0.636363636363637,0.545454545454546,0.536363636363637,0.818181818181818,0.75090909090909,0.727272727272727,0.636363636363637,0.901818181818181,0.716363636363636,0.712727272727272,0.807272727272727,0.534545454545455,0.907272727272727,0.909090909090909,0.858181818181818,0.818181818181818,0.790909090909091,0.818181818181818,0.556363636363637,0.863636363636363,0.758181818181818
"Egyptian Arabic",0.818181818181818,0.772727272727272,0.885454545454545,0.701818181818181,0.77090909090909,0.909090909090909,0.781818181818182,0.807272727272727,0.909090909090909,0.545454545454546,0.56909090909091,0.569090909090909,0.905454545454545,0.801818181818182,0.463636363636363,0.681818181818182,0.636363636363637,0,0.54,0.436363636363636,0.54,0.363636363636363,0.430909090909091,0.454545454545454,0.836363636363636,0.490909090909091,0.454545454545454,0.647272727272727,0.549090909090909,0.574545454545455,0.578181818181818,0.516363636363636,0.576363636363637,0.418181818181818,0.565454545454546,0.409090909090909,0.490909090909091,0.552727272727273,0.761818181818181,0.552727272727273,0.883636363636363,0.585454545454546,0.429090909090909,0.716363636363636,0.770909090909091,0.610909090909091,0.545454545454546,0.545454545454546,0.91090909090909,0.454545454545454,0.452727272727273,0.72,0.492727272727273,0.496363636363636,0.554545454545455,0.636363636363637,0.363636363636363,0.272727272727273,0.272727272727273,0.678181818181818,0.545454545454546,0.536363636363637,0.454545454545454,0.818181818181818,0.672727272727273,0.909090909090909,0.907272727272727,0.909090909090909,0.727272727272727,0.816363636363636,0.909090909090909,0.861818181818182,0.909090909090909,0.890909090909091,0.727272727272727,0.48,0.847272727272727,0.905454545454545
"Kabyle",0.661818181818182,0.632727272727273,0.878181818181818,0.616363636363637,0.638181818181818,0.661818181818182,0.534545454545455,0.641818181818182,0.661818181818182,0.48,0.543636363636364,0.538181818181819,0.658181818181818,0.692727272727273,0.516363636363637,0.578181818181818,0.805454545454545,0.54,0,0.461818181818182,0.576363636363637,0.48,0.46,0.389090909090909,0.68,0.607272727272728,0.389090909090909,0.652727272727273,0.652727272727273,0.650909090909091,0.558181818181818,0.652727272727273,0.463636363636363,0.56,0.463636363636363,0.525454545454545,0.545454545454545,0.607272727272728,0.52,0.452727272727272,0.716363636363636,0.549090909090909,0.550909090909091,0.658181818181818,0.801818181818182,0.545454545454546,0.389090909090909,0.623636363636364,0.754545454545454,0.623636363636364,0.601818181818182,0.812727272727273,0.612727272727273,0.645454545454545,0.641818181818182,0.812727272727273,0.48,0.48,0.48,0.521818181818182,0.570909090909091,0.550909090909091,0.570909090909091,0.570909090909091,0.467272727272727,0.752727272727272,0.736363636363636,0.661818181818182,0.661818181818182,0.66,0.661818181818182,0.612727272727273,0.570909090909091,0.552727272727273,0.389090909090909,0.478181818181818,0.69090909090909,0.689090909090909
"Neapolitan",0.725454545454545,0.410909090909091,0.696363636363636,0.690909090909091,0.410909090909091,0.54,0.685454545454545,0.71090909090909,0.530909090909091,0.474545454545454,0.581818181818182,0.569090909090909,0.721818181818181,0.803636363636363,0.48,0.587272727272728,0.741818181818181,0.436363636363636,0.461818181818182,0,0.218181818181818,0.0727272727272727,0.0963636363636363,0.101818181818182,0.725454545454545,0.2,0.101818181818182,0.303636363636364,0.305454545454545,0.407272727272727,0.5,0.285454545454545,0.407272727272727,0.369090909090909,0.410909090909091,0.118181818181818,0.161818181818182,0.298181818181818,0.565454545454545,0.198181818181818,0.521818181818182,0.487272727272727,0.189090909090909,0.56,0.603636363636364,0.529090909090909,0.525454545454546,0.56,0.725454545454545,0.254545454545455,0.42,0.523636363636364,0.416363636363636,0.321818181818182,0.356363636363636,0.476363636363636,0.383636363636363,0.345454545454545,0.378181818181818,0.596363636363636,0.254545454545455,0.201818181818182,0.163636363636364,0.712727272727272,0.330909090909091,0.541818181818182,0.538181818181818,0.723636363636363,0.810909090909091,0.447272727272727,0.534545454545455,0.494545454545454,0.530909090909091,0.52,0.625454545454546,0.407272727272727,0.463636363636364,0.572727272727273
"Spanish",0.738181818181818,0.418181818181818,0.701818181818181,0.603636363636364,0.42,0.552727272727273,0.705454545454545,0.725454545454545,0.554545454545455,0.356363636363636,0.570909090909091,0.561818181818182,0.732727272727272,0.798181818181818,0.36,0.472727272727273,0.729090909090909,0.54,0.576363636363637,0.218181818181818,0,0.189090909090909,0.207272727272727,0.209090909090909,0.76,0.289090909090909,0.209090909090909,0.205454545454545,0.409090909090909,0.525454545454546,0.618181818181818,0.387272727272727,0.538181818181818,0.476363636363636,0.530909090909091,0.203636363636364,0.207272727272727,0.281818181818182,0.585454545454545,0.334545454545455,0.536363636363636,0.512727272727273,0.296363636363636,0.447272727272727,0.594545454545455,0.547272727272728,0.636363636363637,0.545454545454546,0.730909090909091,0.350909090909091,0.474545454545454,0.529090909090909,0.44,0.365454545454545,0.385454545454545,0.470909090909091,0.265454545454545,0.461818181818182,0.474545454545454,0.616363636363637,0.370909090909091,0.301818181818182,0.28,0.736363636363636,0.454545454545454,0.547272727272727,0.550909090909091,0.729090909090909,0.816363636363636,0.458181818181818,0.547272727272727,0.512727272727272,0.543636363636364,0.54,0.638181818181818,0.418181818181818,0.512727272727273,0.592727272727273
"English",0.727272727272727,0.409090909090909,0.703636363636363,0.701818181818181,0.407272727272727,0.545454545454546,0.690909090909091,0.716363636363636,0.545454545454546,0.454545454545454,0.56909090909091,0.569090909090909,0.723636363636363,0.801818181818182,0.463636363636363,0.590909090909091,0.727272727272727,0.363636363636363,0.48,0.0727272727272727,0.189090909090909,0,0.0672727272727272,0.0909090909090909,0.745454545454545,0.127272727272727,0.0909090909090909,0.283636363636364,0.276363636363636,0.392727272727273,0.487272727272727,0.243636363636364,0.394545454545454,0.327272727272727,0.383636363636363,0.0454545454545455,0.127272727272727,0.28,0.585454545454545,0.189090909090909,0.52,0.494545454545454,0.156363636363636,0.534545454545455,0.589090909090909,0.52,0.545454545454546,0.545454545454546,0.729090909090909,0.181818181818182,0.4,0.538181818181818,0.412727272727273,0.314545454545455,0.372727272727273,0.454545454545454,0.363636363636363,0.272727272727273,0.363636363636363,0.587272727272728,0.181818181818182,0.172727272727273,0.0909090909090909,0.727272727272727,0.309090909090909,0.545454545454546,0.543636363636364,0.727272727272727,0.818181818181818,0.452727272727272,0.545454545454546,0.498181818181818,0.545454545454546,0.527272727272727,0.636363636363637,0.389090909090909,0.483636363636364,0.589090909090909
"French",0.725454545454545,0.42,0.701818181818182,0.694545454545454,0.410909090909091,0.536363636363637,0.690909090909091,0.714545454545454,0.532727272727273,0.472727272727273,0.58,0.572727272727273,0.716363636363636,0.798181818181818,0.490909090909091,0.589090909090909,0.747272727272727,0.430909090909091,0.46,0.0963636363636363,0.207272727272727,0.0672727272727272,0,0.105454545454545,0.723636363636363,0.194545454545455,0.105454545454545,0.290909090909091,0.298181818181818,0.414545454545454,0.498181818181818,0.269090909090909,0.421818181818182,0.363636363636364,0.401818181818182,0.112727272727273,0.163636363636364,0.301818181818182,0.563636363636364,0.2,0.52,0.496363636363636,0.190909090909091,0.558181818181818,0.601818181818182,0.532727272727273,0.523636363636364,0.563636363636364,0.727272727272727,0.249090909090909,0.418181818181818,0.530909090909091,0.418181818181818,0.325454545454545,0.367272727272727,0.48,0.381818181818182,0.34,0.381818181818182,0.6,0.249090909090909,0.196363636363636,0.158181818181818,0.714545454545454,0.32,0.543636363636364,0.541818181818182,0.725454545454545,0.809090909090909,0.447272727272727,0.536363636363637,0.494545454545454,0.529090909090909,0.518181818181818,0.627272727272728,0.401818181818182,0.469090909090909,0.574545454545455
"Dutch",0.727272727272727,0.409090909090909,0.701818181818181,0.7,0.410909090909091,0.545454545454546,0.689090909090909,0.709090909090909,0.454545454545454,0.454545454545454,0.570909090909091,0.567272727272727,0.723636363636363,0.803636363636363,0.465454545454545,0.589090909090909,0.727272727272727,0.454545454545454,0.389090909090909,0.101818181818182,0.209090909090909,0.0909090909090909,0.105454545454545,0,0.745454545454545,0.218181818181818,0,0.292727272727273,0.305454545454546,0.430909090909091,0.52,0.294545454545455,0.432727272727272,0.372727272727273,0.430909090909091,0.136363636363636,0.156363636363636,0.283636363636364,0.585454545454545,0.22,0.518181818181818,0.494545454545454,0.192727272727273,0.541818181818182,0.590909090909091,0.52,0.545454545454546,0.545454545454546,0.729090909090909,0.272727272727273,0.4,0.545454545454546,0.414545454545455,0.323636363636364,0.374545454545455,0.454545454545454,0.363636363636363,0.363636363636363,0.363636363636363,0.587272727272728,0.272727272727273,0.2,0.181818181818182,0.636363636363637,0.352727272727273,0.545454545454546,0.543636363636364,0.727272727272727,0.818181818181818,0.452727272727272,0.545454545454546,0.496363636363636,0.545454545454546,0.527272727272727,0.636363636363637,0.4,0.483636363636364,0.589090909090909
"Icelandic",0.68,0.703636363636364,0.616363636363636,0.425454545454545,0.689090909090909,0.589090909090909,0.594545454545455,0.709090909090909,0.816363636363636,0.669090909090909,0.816363636363636,0.816363636363636,0.561818181818182,0.716363636363636,0.727272727272727,0.601818181818182,0.638181818181818,0.836363636363636,0.68,0.725454545454545,0.76,0.745454545454545,0.723636363636363,0.745454545454545,0,0.665454545454546,0.745454545454545,0.739999999999999,0.625454545454545,0.727272727272727,0.549090909090909,0.636363636363636,0.721818181818181,0.645454545454546,0.725454545454545,0.756363636363636,0.738181818181818,0.825454545454545,0.503636363636364,0.723636363636363,0.589090909090909,0.629090909090909,0.636363636363636,0.474545454545454,0.801818181818182,0.570909090909091,0.472727272727273,0.670909090909091,0.572727272727273,0.836363636363636,0.690909090909091,0.827272727272727,0.798181818181818,0.841818181818181,0.829090909090909,0.816363636363636,0.76,0.745454545454545,0.745454545454545,0.552727272727273,0.745454545454545,0.727272727272727,0.745454545454545,0.634545454545455,0.734545454545454,0.661818181818182,0.636363636363636,0.661818181818182,0.48,0.761818181818181,0.810909090909091,0.756363636363636,0.634545454545455,0.601818181818182,0.754545454545454,0.645454545454546,0.778181818181817,0.627272727272727
"Irish",0.712727272727272,0.483636363636364,0.596363636363637,0.62,0.481818181818182,0.44,0.583636363636364,0.716363636363636,0.545454545454546,0.554545454545455,0.643636363636364,0.643636363636364,0.709090909090909,0.787272727272727,0.563636363636364,0.690909090909091,0.621818181818182,0.490909090909091,0.607272727272728,0.2,0.289090909090909,0.127272727272727,0.194545454545455,0.218181818181818,0.665454545454546,0,0.218181818181818,0.292727272727273,0.312727272727273,0.429090909090909,0.523636363636364,0.28,0.430909090909091,0.363636363636364,0.42,0.154545454545454,0.232727272727273,0.38,0.66,0.316363636363636,0.412727272727272,0.507272727272727,0.283636363636364,0.452727272727272,0.572727272727273,0.609090909090909,0.490909090909091,0.467272727272727,0.712727272727272,0.218181818181818,0.436363636363636,0.521818181818182,0.514545454545455,0.410909090909091,0.478181818181818,0.363636363636363,0.463636363636363,0.309090909090909,0.490909090909091,0.5,0.218181818181818,0.209090909090909,0.127272727272727,0.636363636363637,0.345454545454546,0.438181818181818,0.436363636363636,0.710909090909091,0.710909090909091,0.465454545454545,0.536363636363637,0.490909090909091,0.454545454545454,0.438181818181818,0.645454545454546,0.492727272727273,0.489090909090909,0.572727272727273
"Serbian",0.727272727272727,0.409090909090909,0.701818181818181,0.7,0.410909090909091,0.545454545454546,0.689090909090909,0.709090909090909,0.454545454545454,0.454545454545454,0.570909090909091,0.567272727272727,0.723636363636363,0.803636363636363,0.465454545454545,0.589090909090909,0.727272727272727,0.454545454545454,0.389090909090909,0.101818181818182,0.209090909090909,0.0909090909090909,0.105454545454545,0,0.745454545454545,0.218181818181818,0,0.292727272727273,0.305454545454546,0.430909090909091,0.52,0.294545454545455,0.432727272727272,0.372727272727273,0.430909090909091,0.136363636363636,0.156363636363636,0.283636363636364,0.585454545454545,0.22,0.518181818181818,0.494545454545454,0.192727272727273,0.541818181818182,0.590909090909091,0.52,0.545454545454546,0.545454545454546,0.729090909090909,0.272727272727273,0.4,0.545454545454546,0.414545454545455,0.323636363636364,0.374545454545455,0.454545454545454,0.363636363636363,0.363636363636363,0.363636363636363,0.587272727272728,0.272727272727273,0.2,0.181818181818182,0.636363636363637,0.352727272727273,0.545454545454546,0.543636363636364,0.727272727272727,0.818181818181818,0.452727272727272,0.545454545454546,0.496363636363636,0.545454545454546,0.527272727272727,0.636363636363637,0.4,0.483636363636364,0.589090909090909
"Russian",0.723636363636363,0.507272727272727,0.694545454545454,0.6,0.489090909090909,0.541818181818182,0.692727272727273,0.714545454545454,0.536363636363637,0.46,0.669090909090909,0.661818181818182,0.709090909090909,0.796363636363636,0.461818181818182,0.574545454545455,0.74,0.647272727272727,0.652727272727273,0.303636363636364,0.205454545454545,0.283636363636364,0.290909090909091,0.292727272727273,0.739999999999999,0.292727272727273,0.292727272727273,0,0.309090909090909,0.427272727272727,0.516363636363636,0.3,0.42,0.385454545454545,0.416363636363636,0.298181818181818,0.305454545454545,0.38,0.656363636363636,0.410909090909091,0.503636363636364,0.498181818181818,0.390909090909091,0.445454545454545,0.505454545454545,0.625454545454546,0.616363636363637,0.56,0.709090909090909,0.283636363636364,0.405454545454545,0.421818181818182,0.525454545454545,0.46,0.478181818181818,0.474545454545454,0.369090909090909,0.374545454545454,0.56,0.603636363636364,0.283636363636364,0.22,0.192727272727273,0.718181818181818,0.443636363636363,0.525454545454546,0.525454545454546,0.707272727272727,0.798181818181818,0.443636363636363,0.530909090909091,0.494545454545454,0.530909090909091,0.523636363636364,0.621818181818182,0.498181818181818,0.494545454545455,0.569090909090909
"Bashkir",0.801818181818182,0.6,0.707272727272727,0.614545454545455,0.592727272727273,0.634545454545455,0.778181818181818,0.803636363636363,0.612727272727273,0.672727272727273,0.756363636363636,0.758181818181818,0.801818181818182,0.883636363636363,0.678181818181818,0.769090909090909,0.754545454545454,0.549090909090909,0.652727272727273,0.305454545454545,0.409090909090909,0.276363636363636,0.298181818181818,0.305454545454546,0.625454545454545,0.312727272727273,0.305454545454546,0.309090909090909,0,0.307272727272727,0.316363636363636,0.101818181818182,0.416363636363636,0.203636363636364,0.410909090909091,0.321818181818182,0.36,0.5,0.738181818181818,0.410909090909091,0.609090909090909,0.596363636363637,0.203636363636364,0.669090909090909,0.6,0.714545454545454,0.607272727272728,0.669090909090909,0.801818181818182,0.276363636363636,0.436363636363636,0.518181818181818,0.598181818181818,0.532727272727273,0.538181818181818,0.583636363636364,0.581818181818182,0.367272727272727,0.487272727272727,0.690909090909091,0.276363636363636,0.218181818181818,0.185454545454545,0.794545454545454,0.416363636363636,0.630909090909091,0.618181818181818,0.812727272727273,0.814545454545454,0.523636363636364,0.625454545454546,0.583636363636364,0.627272727272728,0.614545454545455,0.703636363636363,0.589090909090909,0.552727272727273,0.638181818181818
